    140.8099976   2.9951010e+08     18.0265179     22.3469448     18.2530479     19.5566387     19.2541237     14.6431322     18.6019535     19.9032459     18.1329651     20.7763977     20.3796272     19.0900822     28.0367107     28.8328133     28.1768494     28.3175812      1.1156851     17.9070950     36.6233635     21.4663277
    126.2099991   2.5565490e+08     19.6257153     22.1100674     18.7775402     21.5534611     22.6601734     19.1720181     19.6672192     20.6626167     18.6424065     21.9480877     22.0216274     20.5916729     27.0718479     27.8971596     27.0888367     27.7755280      3.0569255     18.4002972     37.4373627     21.8893604
     89.8300018   2.5861320e+08     18.3868885     20.1407051     18.3199139     18.3600845     20.4501801     18.8724041     18.3466892     19.6949139     18.2129803     21.1485519     19.4876804     18.4539738     28.4943409     25.9196396     28.5830765     23.3863678     -2.7709680     15.9397831     25.2528648     21.4663277       331.27100
    122.3700027   2.1905460e+08     19.3226738     22.7501602     19.0900822     22.0805645     23.2490959     22.0510845     19.3638611     20.8905201     18.6019535     22.2875824     22.0658207     20.7479210     31.5971756     32.3471870     29.4838467     32.2673950      3.8934011     20.1126938     46.2468071     25.3173542       132.35600
    115.2900009   2.2966830e+08     19.6257153     22.1691456     19.0764427     22.8554249     23.5241642     22.6451969     19.4739037     20.4784374     18.8452778     21.5971031     22.3024139     21.4373283     30.3726311     31.6948509     27.8971596     27.9494228      2.5505221     19.1310291     43.1958008     23.0971775
    126.1500015   3.4012110e+08     19.5428371     23.8632393     18.8181686     24.3779640     21.8600330     17.7088203     19.7919979     20.8762360     18.6693974     22.8102741     22.8102741     21.2349529     27.2421246     31.4609299     24.6460705     30.5797977      5.3198805     20.5208607     50.5016098     25.9196396      0.84870000
     96.4199982   2.0422500e+08     18.4137096     19.9450455     18.4942780     18.9131298     19.4326019     18.7369518     18.4539738     19.9450455     18.5480804     20.6626167     19.3913441     18.5750084     28.4589138     26.1668358     28.6186390     23.7395687     -3.6755712     16.4231892     24.5038795     19.1310291       113.25690
    128.6699982   3.2284260e+08     20.0986958     24.7253151     19.4739037     23.9252357     22.0363522     14.8772545     19.9450455     20.9477100     18.8724041     22.9006310     22.5704060     21.2493725     29.9437141     33.7774734     24.9960899     29.0303707      5.2781730     21.7283363     50.4276619     26.8348923       205.72530
      0.0400000   2.2781640e+08     20.0148125     17.1716366     20.1407051     16.8861942     17.2367802     17.7880173     20.1967907     19.4326019     20.5067139     17.5640202     16.8991280     17.1976833     28.0192337     25.1402931     28.7791386     23.7858944     18.9267120     15.4741611      3.8421724     10.6575098
     20.1800003   3.5778030e+08     19.8197803     18.1196442     20.2108231     13.3461971     16.5000114     15.7882328     20.0427532     18.6424065     20.2670097     18.7234325     17.4197197     17.9468651     22.1691456     21.4953499     22.3915291     19.6118908     14.6185570     14.3246737     -3.9183643     10.6915550
      0.1300000   2.8501110e+08     21.1054249     19.9729366     21.2493725     18.4002972     19.6257153     18.6289177     20.9906578     20.9620209     21.0623455     20.1126938     18.8724041     18.6424065     28.2471409     25.3981361     27.6716251     22.9912128     20.2670097     17.6692791      5.1115680     14.5081320
    103.6800003   2.5150500e+08     18.3600845     21.4518261     18.6289177     17.7220097     20.7906456     19.6118908     18.9403019     20.4501801     18.6019535     21.2926636     20.3937263     19.0900822     28.4943409     27.6370621     28.6008530     24.3465557      0.3602453     18.4271259     34.7761421     22.7651787       175.93350
     61.2599983   3.0076350e+08     18.7369518     20.1827621     18.3466892     14.8031912     17.9468651     14.4468985     18.5750084     20.0148125     18.2797813     20.5633335     19.2404289     17.9866734     27.7408581     25.2367611     27.5680428     22.5106831      0.7871116     14.2758741     10.8279495     16.5384731
     79.2300034   3.2216584e+08     18.6828995     21.0479984     18.6154327     16.0030842     18.4137096     15.8008423     18.8317204     20.6058521     18.5615425     21.1054249     19.7919979     18.3065319     22.9912128     20.9334049     24.3151760     19.0764427      2.0969412     15.9777527     24.0184326     20.5775013       328.31300
     96.0100021   1.6386390e+08     18.3065319     19.9450455     18.2664127     18.8588390     19.3501282     18.6828995     18.1063271     19.4188442     18.1729527     20.6768208     19.3363991     18.6558990     28.5120697     26.4825325     28.6186390     23.9407520     -5.2374349     16.0791664     25.1081963     19.0628090       165.66860
    119.2300034       89326501.     18.6828995     20.9906578     18.6019535     20.3232765     21.1054249     20.3092022     18.6424065     19.5290413     18.2797813     21.5243950     20.8905201     20.2248631     29.3926468     29.6670132     28.2999573     27.2250576     -1.1483533     17.7220097     39.6635971     22.4064026       328.95990
    140.7700043       95743201.     18.8046207     21.8160820     18.3734837     21.8453770     22.6451969     21.5971031     19.1173763     20.2389069     18.3332996     21.6262264     21.9627838     21.0193176     29.5936222     31.5776749     29.5203972     30.5043087      4.3352337     19.2541237     49.5908890     23.8013496       185.08060
    133.2899933   2.3010870e+08     17.4328175     18.1063271     16.7313023     17.8276711     18.1329651     17.3804512     17.2889671     18.8181686     17.2889671     18.8724041     18.2530479     17.1195946     28.1242275     27.7235355     27.7408581     27.5335865     -0.4106964     13.8027210     28.6364326     17.2367802
     94.5599976   3.4889310e+08     16.8732662     20.5775013     16.8603401     15.4366207     17.5508804     13.9720240     17.4066257     18.7910786     16.9379501     20.5350132     18.9947033     17.7220097     22.3469448     23.4781723     22.1839294     19.4050922     -1.0796417     15.8260717     26.7843304     20.5067139
     96.5299988   3.0380040e+08     18.4405479     22.3172512     18.3868885     16.3848286     18.7640057     14.7785301     18.4405479     20.0008488     18.2263317     20.9906578     19.7781143     18.6424065     28.6542377     27.7755280     28.6008530     23.7395687     -1.9514014     17.5377464     28.5298080     21.0479984       141.07950
     70.5699997   2.1219990e+08     18.3332996     18.4942780     18.2263317     18.3868885     18.7369518     18.0797081     18.0265179     19.4188442     18.2129803     20.3937263     18.8452778     17.9733982     27.7581882     25.5927792     27.6370621     22.9458942     -6.0515909     13.9478006      8.9810715     16.3209724
    115.1600037   3.1334250e+08     19.4188442     24.1586857     19.0628090     20.1967907     20.9763355     17.2237434     19.7364922     20.9763355     18.7369518     22.3172512     22.0953121     20.4078331     31.8517628     33.7356873     28.9763737     28.8686447      4.7794161     20.3937263     46.8588753     25.1081963       318.71790
     74.1299973   2.4332880e+08     18.8181686     19.5566387     18.3600845     17.6956367     18.6828995     17.5903091     18.5750084     20.7906456     18.5750084     19.4601326     18.6558990     17.3412189     28.8865757     25.7558231     29.6486511     23.5241642      0.3106992     14.6923218     19.4188442     17.3281498       5.2916000
    131.5700073   3.8773470e+08     17.5508804     20.5633335     17.9468651     17.8541298     18.5615425     15.8892088     18.0132332     19.5428371     18.0132332     20.7336903     19.6949139     18.5480804     21.9627838     24.6935959     22.5704060     26.2496319     -2.0979602     15.8892088     30.1481380     19.4326019
     87.2500000   2.0132430e+08     18.8452778     18.9538956     18.1329651     18.6558990     18.8046207     18.1462898     18.1196442     19.8475819     18.1329651     20.3937263     19.0355530     18.0930157     28.5830765     25.2689762     28.7255516     22.7802048     -2.0979602     14.1176262     17.3542919     17.5508804       54.177900
    138.9600067   3.0335580e+08     18.7369518     20.7906456     18.4271259     17.8408985     18.5750084     14.4958782     18.6154327     19.7364922     18.3600845     20.7906456     20.0008488     18.6964054     28.2471409     28.1417599     27.4304276     26.2496319      0.3701568     15.2244883     26.5493679     18.2263317
     87.0000000   3.6994530e+08     18.9538956     21.5534611     18.3868885     18.1063271     20.7906456     17.2759151     19.4601326     20.6626167     18.4674034     21.4083519     21.3938713     19.8336792     22.9157124     24.0962830     22.7651787     19.2267361      3.8216894     17.8012314     31.7536011     22.0363522       334.11200
    105.5400009   3.5129100e+08     18.6558990     23.0063324     18.3065319     16.6026535     19.1173763     15.7504263     18.9131298     20.5350132     18.3332996     21.6407967     20.6768208     19.1993675     23.8322811     26.9870300     23.1275101     22.4510574      6.8266282     19.3913441     39.4610596     22.9458942       164.77260
     81.3000031   2.3143560e+08     18.6424065     20.4219437     18.3199139     19.2815304     20.1827621     19.2541237     18.4808388     20.0567303     18.2396870     21.1917267     20.0008488     18.9947033     29.2472553     26.2828064     29.9437141     24.3936787     -1.5600820     17.3935356     21.1485519     20.6626167       121.32850
      0.2300000   3.1805490e+08     19.9868908     18.4942780     20.5208607     16.9379501     17.3673687     16.9638519     20.0008488     19.1037273     20.3514423     18.9403019     17.1456089     17.9999504     25.4305000     22.3320942     25.2528648     19.7919979     20.7763977     16.5641327      3.6579957     13.1076488
     74.4300003   1.2289500e+08     18.7910786     19.0628090     18.2263317     18.7504768     18.9403019     18.2530479     18.1596184     19.9868908     18.2797813     20.4360580     19.1856918     18.2396870     28.5475540     25.2689762     28.7255516     22.5256042     -1.5111135     14.3246737     19.3089542     17.7880173
    107.8499985   3.5524260e+08     18.5480804     20.9191036     18.2797813     15.6623373     18.2396870     15.7000685     18.5480804     19.9171734     18.2263317     21.0193176     19.7642345     18.3868885     23.4169426     25.7885246     22.2431240     19.8614902      2.6819348     15.9271345     27.8449764     19.9171734
    103.3000031   2.7983490e+08     19.6810646     23.0365887     18.4539738     26.0677433     22.6601734     18.4137096     19.8475819     20.7906456     18.5211697     22.3024139     22.7802048     21.2349529     27.4475994     28.5653114     28.3881721     30.3351059      6.0851336     19.9450455     44.5754547     24.1586857
     88.7600021   2.7497280e+08     18.7234325     19.5704441     18.3466892     18.4002972     20.5067139     18.1996346     18.5480804     19.8058872     18.4405479     20.9620209     19.3638611     18.1729527     27.8623619     25.3981361     27.9145699     22.7201385     -0.9224852     14.8649025     14.5571766     19.1037273
     73.5599976       89279701.     18.9674931     18.5480804     18.1462898     18.7640057     18.7234325     18.2530479     18.0265179     19.6257153     18.1729527     20.3232765     18.9674931     18.2530479     28.5475540     25.4466934     28.5475540     22.6003036     -0.1442970     13.6821594     17.9999504     17.2889671       303.97690
    123.3799973   3.3086910e+08     18.7640057     23.4628563     18.2530479     21.3215523     20.5916729     16.6926670     19.3775997     20.7052441     18.4674034     22.2579384     21.9921951     20.5491695     26.3991699     31.2480030     23.6470928     26.8348923      3.3722510     19.9868908     46.9894180     24.8843403       149.01600
    135.0000000   1.2682140e+08     18.8452778     22.3915291     18.4405479     21.6991348     22.7802048     21.5971031     19.4463654     20.5775013     18.4002972     22.0069084     22.1987190     21.0193176     29.5936222     31.5192490     29.7405701     31.4027176      6.0324650     20.0567303     50.2069740     24.8843403       179.44340
     78.6999969   2.4580440e+08     17.5114899     18.5077229     17.4721336     15.2244883     18.0265179     17.1325989     17.8012314     19.5842552     17.9070950     19.6672192     18.1462898     17.0546322     28.2119770     25.2528648     28.1242275     22.5256042     -1.1679803     14.2271252     11.1361055     16.9897690
    125.3799973   2.6570130e+08     19.6395454     23.4475460     18.6558990     24.7094517     23.5395069     19.4050922     19.4050922     20.6342239     18.5211697     22.2875824     22.0510845     20.6768208     30.1481380     32.8302383     29.3926468     30.2976265      4.4795871     20.0287800     46.0878944     25.6905136       315.01290
     52.1599998   2.8538460e+08     19.3363991     22.3469448     19.0219307     18.7775402     21.3071060     18.3199139     18.9947033     21.4083519     18.6558990     20.5350132     19.5842552     18.1329651     28.4766235     25.8704128     29.4838467     24.0495529      2.2781341     17.3804512     26.6163349     20.9477100
     54.9000015   1.1010090e+08     18.4137096     18.8859749     18.3734837     18.4808388     18.9538956     18.3734837     18.1063271     19.3226738     18.3065319     20.2810688     18.9538956     18.3600845     28.0017681     26.0018406     28.0541954     23.0063324     -6.3812094     14.9019690     12.1765175     17.9203472
    142.2400055   1.2746130e+08     18.9267120     22.2135143     18.4539738     22.2579384     23.1730576     22.0510845     19.3913441     20.4643059     18.4271259     22.0216274     22.4808578     21.4083519     29.6302967     31.5581875     29.6486511     31.0748425      5.7906780     19.7781143     50.1703606     24.5512123       184.42480
    115.3000031   2.0880870e+08     18.8317204     21.3649273     18.3466892     20.2108231     21.1341705     20.1827621     18.4942780     19.7087688     18.0265179     21.3649273     20.6626167     19.7087688     29.0303707     30.3163605     28.2823429     27.3618317      2.1170585     18.1196442     37.2727928     22.3469448       190.28440
    101.0699997   1.6007640e+08     17.6166172     19.9868908     17.3281498     19.0491772     20.2108231     19.1037273     18.0265179     19.1446877     17.5640202     19.8614902     19.4188442     18.1862907     28.6542377     28.1768494     29.6670132     25.6253262     -1.2170384     17.0676174     33.3414650     20.7052441       222.64530
     98.7300034   3.3700560e+08     18.8995495     19.6949139     18.1596184     15.8008423     18.2931538     15.9650927     18.3065319     19.6118908     18.0265179     19.8058872     19.0764427     18.1063271     21.8600330     21.1917267     21.8600330     18.7775402      8.5639219     13.7906513     17.2237434     15.0505381
     89.9000015   1.5358470e+08     17.9203472     18.7640057     17.8408985     18.8181686     19.1583519     18.5750084     17.8144493     18.9674931     17.8806038     20.3937263     19.0219307     18.3466892     27.9843102     25.9032230     27.8276005     23.0971775     -6.0709777     14.6677198     16.5898094     16.8086777
      0.3900000   1.4808271e+08     19.6395454     18.2931538     19.0219307     18.6154327     18.4002972     18.1462898     18.7775402     19.8614902     18.9947033     19.4601326     18.6289177     18.1596184     27.5852833     25.2045746     27.2591991     22.4510574      8.6734190     14.2758741      4.4280038     12.2466316
     71.8499985   2.4653520e+08     18.7369518     20.5491695     18.5480804     17.1846581     19.7919979     18.6154327     18.8181686     21.2349529     18.7369518     20.5633335     19.5842552     18.3332996     28.6542377     25.5927792     29.9993382     24.2055607      2.6617062     17.1846581     22.5106831     20.0847034       207.14740
     73.0299988   3.1986300e+08     19.1856918     21.5825500     18.7640057     14.4468985     17.6297760     14.9514380     18.9267120     21.3793964     18.7504768     19.9311066     19.0219307     17.6166172     23.4322414     19.7503605     24.6460705     18.0265179      6.9012146     15.5744228     21.0767002     17.4197197
     75.4899979   2.4701940e+08     18.5750084     19.8336792     18.4271259     16.5000114     19.0219307     18.0265179     18.4674034     20.5350132     18.4674034     20.4925728     19.1856918     18.0265179     28.5120697     25.3012199     28.8865757     22.6601734      1.2254075     15.1250057     18.5077229     18.1596184
     82.5400009   1.9164360e+08     18.6558990     19.3913441     18.4539738     18.6828995     19.3226738     18.2931538     18.4405479     19.9589882     18.5884781     20.6058521     19.2541237     18.2129803     28.6898746     25.6090488     29.7037716     24.4094009     -2.3225005     15.3366690     24.9641247     18.7775402       319.31300
     53.4799995   1.0224930e+08     19.4188442     19.3089542     18.3734837     18.9538956     18.5211697     18.2664127     18.1329651     20.3373566     18.3466892     19.4463654     18.6693974     18.2797813     28.4943409     25.5440159     28.6542377     22.4659557      6.0219359     12.8347511     15.6120787     13.6701202       1.9395000
     80.8000031   2.2006140e+08     18.7775402     19.4326019     18.3600845     18.9267120     19.3226738     18.4271259     18.4942780     20.1126938     18.3600845     21.0623455     19.6118908     18.4137096     28.7077084     25.9524975     28.6542377     22.8554249     -0.7553470     14.9885750     22.7201385     19.6118908       311.46260
     45.8300018   3.0259980e+08     19.5704441     21.4663277     18.6558990     16.8991280     17.5246162     15.5744228     18.5480804     21.1629372     18.7775402     19.0219307     18.2931538     17.6956367     28.5298080     25.0601063     28.8328133     22.5405331     14.2514935     14.4958782     15.5995235     14.0569038       148.95720
      0.3200000   2.4294420e+08     20.8905201     19.2541237     21.1197948     18.5480804     18.4271259     18.6558990     20.6200352     20.8191547     20.9477100     20.1407051     18.7775402     18.7775402     28.2119770     25.5115452     27.5852833     23.0971775     17.3542919     17.2889671      3.8729062     13.6701202
    137.0700073   1.0538190e+08     18.5480804     19.4739037     18.3868885     19.3913441     19.3775997     18.9267120     18.1329651     19.0355530     18.3065319     20.7479210     19.5290413     18.8724041     28.8149109     29.0123634     27.5680428     24.9321899     -6.2163887     14.9390659     28.8865757     18.2129803
     80.8000031   2.5106400e+08     18.1596184     20.0008488     18.2263317     16.5769691     19.1993675     17.9733982     18.5750084     20.6342239     18.6019535     20.5916729     19.1856918     17.9468651     29.0844574     26.0842400     29.5569897     23.5241642     -0.2726224     15.8765736     25.0601063     19.4463654       176.20170
     51.7299995   2.7060600e+08     20.6910305     22.3172512     19.5842552     22.6451969     21.4663277     17.8806038     19.5704441     21.8893604     19.0764427     21.7137337     21.5243950     20.3232765     28.5120697     25.0761299     29.0664196     23.3405514     10.9532814     18.5884781     23.3252926     21.9480877       277.23960
    124.7799988   1.6053000e+08     19.2952404     22.8403683     19.0219307     21.8453770     22.6451969     21.5243950     19.6395454     21.2061310     19.0900822     21.8014431     21.5680027     20.4784374     30.5043087     32.5274620     29.7037716     30.4666309      3.7909737     20.0986958     46.2468071     23.7858944       205.81740
    109.3199997   2.1106440e+08     18.1729527     19.0355530     18.1196442     18.5750084     19.1037273     18.4674034     17.9733982     19.0900822     18.0930157     20.6342239     19.3089542     18.5077229     28.1242275     26.7843304     28.0192337     23.3252926     -7.1767397     14.6308432     21.1341705     18.4137096
     54.3800011   3.3039960e+08     18.9131298     23.2643223     18.4002972     18.8181686     19.7087688     15.5869713     19.5290413     21.0049839     18.6424065     21.7283363     21.2637978     19.7364922     25.2850952     26.8011761     23.2186604     22.9609947      5.0283990     19.7781143     42.7407532     23.2490959
     76.4800034   1.0920000e+08     18.9131298     18.9267120     18.4942780     18.5346241     18.6828995     18.1063271     18.4002972     19.9729366     18.6693974     20.2248631     18.8859749     18.1063271     28.6186390     25.6090488     28.7434044     22.7201385     -2.1467917     14.3002672     17.8806038     17.2237434       353.85720
     79.0500031   1.1358750e+08     18.5750084     18.4539738     18.4539738     18.6828995     18.8181686     18.3065319     18.2263317     19.4326019     18.5480804     20.2670097     18.8181686     18.0797081     27.9319916     25.4791050     27.8276005     22.4361668     -5.3731284     14.0690413      6.2961950     15.9144888
    134.5200043   2.2834740e+08     20.2529564     23.9562740     19.8754044     23.2795544     24.4408665     23.2186604     20.0287800     21.1629372     19.0219307     22.6601734     22.7351456     21.4953499     31.6948509     32.8302383     29.5021172     33.0337257      6.7414861     21.2926636     49.1992760     25.7721691       34.879400
     75.4499969   3.0171360e+08     19.1037273     20.4501801     18.1996346     14.8649025     17.2759151     13.7785845     18.2797813     20.1687374     18.3199139     19.0900822     18.4539738     17.6297760     28.0716896     25.0120831     28.2119770     22.4808578      9.1575861     13.8147936      9.9249744     13.9599104       43.114400
     80.6299973   3.6787860e+08     18.5750084     20.6768208     18.4002972     14.3979702     17.9733982     15.5869713     18.7640057     20.8905201     18.4942780     19.8893223     18.5884781     17.1716366     22.6003036     21.5389252     23.4934959     19.0764427      5.7487097     15.9650927     21.6116619     18.5346241       146.79790
    121.7300034   1.4933100e+08     18.3734837     19.8475819     18.4137096     18.8181686     19.1993675     18.5884781     18.1596184     19.4876804     18.3734837     20.5916729     19.4050922     18.6289177     28.2823429     27.7928772     27.8102341     25.9196396     -3.5298271     15.7252398     30.1294994     18.6693974
    101.1699982   2.2571250e+08     17.9336033     20.0287800     17.9601307     18.6828995     19.7226276     18.7504768     18.2263317     19.4188442     17.9866734     20.8905201     19.8197803     18.7234325     28.6008530     28.2119770     28.4766235     24.0495529     -3.1992612     16.6283531     29.7774105     21.0623455       300.38020
    101.1299973   2.2575870e+08     17.9468651     20.1266975     17.9999504     18.4808388     19.5428371     18.5346241     18.1462898     19.4050922     18.0132332     20.5633335     19.5428371     18.4271259     28.6186390     28.4412155     28.5120697     24.0495529     -3.7435670     16.5898094     29.5753002     20.6342239       301.26780
     96.1800003   2.5880610e+08     18.6424065     19.9729366     18.4137096     17.2498207     20.0148125     18.1996346     18.5346241     20.1687374     18.4137096     20.7621574     19.4188442     18.1329651     28.5298080     25.7394848     28.6186390     22.7501602     -1.3837376     15.4741611     21.8014431     19.8475819
     88.6299973   2.3528400e+08     18.2931538     19.7781143     18.3600845     18.3065319     18.9267120     18.1862907     18.1063271     19.9589882     18.3600845     20.2248631     19.0491772     18.1862907     28.3881721     25.9032230     28.7434044     23.4934959     -4.3356848     15.8386917     21.8893604     18.6424065
     86.8099976   1.4724090e+08     18.0132332     20.3092022     18.0132332     18.7234325     19.6949139     18.7775402     18.0531044     19.5152493     17.9203472     19.9729366     19.3913441     18.3868885     28.4943409     26.9870300     28.8865757     24.2994957     -2.2834654     16.8474197     30.5609093     19.5566387       101.45470
     97.5299988   1.2192480e+08     19.5290413     22.2875824     18.9947033     22.4510574     23.3558178     22.2431240     19.4739037     20.7479210     18.5750084     21.9921951     21.9774876     20.9048100     28.9404259     26.2994061     29.1025066     24.0806999      5.6124744     19.7087688     37.6978111     23.5088272       175.19600
     71.6699982   1.2522420e+08     19.3089542     19.4463654     18.3332996     18.9947033     19.1583519     18.4137096     18.3734837     20.3796272     18.3600845     20.4925728     19.3501282     18.3466892     28.4412155     25.4143143     28.9045143     22.5256042      7.9001536     14.5939951     19.6395454     17.7616005       192.48340
     58.8300018   1.8084030e+08     19.2541237     19.3363991     18.3868885     18.8317204     18.7099171     18.1729527     18.2530479     20.4925728     18.4271259     19.7781143     18.8588390     18.1063271     28.4766235     25.3173542     28.7255516     22.8253174      4.2631502     13.3103399     15.3991127     14.9638138       198.92190
      0.3100000   1.7877100e+08     19.3913441     19.2952404     19.5014629     18.3734837     18.8046207     18.3734837     19.2678242     20.5633335     19.5842552     19.8754044     18.8724041     18.2931538     28.2823429     26.0018406     27.7581882     23.5241642      6.1378407     16.0411091      7.1147718     13.7303476
     82.0000000   2.4131310e+08     18.2396870     19.1310291     18.2263317     18.4539738     18.9538956     18.1862907     18.0265179     19.5842552     18.1862907     20.6200352     19.0628090     18.0531044     28.4943409     25.7394848     28.7255516     23.0517273     -4.1125073     15.1622858     19.6949139     18.7775402
     77.0199966   3.0899250e+08     18.8181686     21.3938713     18.7369518     14.7292480     17.7483997     11.9667540     18.7099171     20.3232765     18.5884781     20.6200352     19.1446877     17.8276711     27.8449764     25.6905136     27.7928772     22.5256042     -1.9709481     16.0157547     15.9904165     17.6824551
     66.9300003   3.8633610e+08     19.5014629     22.6601734     19.2678242     15.5493355     18.8588390     15.7126522     19.5842552     22.0216274     19.3501282     20.5067139     19.8754044     18.4808388     23.3558178     21.2205391     23.7241383     20.0567303      6.1800346     18.9538956     25.6742058     20.1687374       134.54210
    112.0699997   2.6095830e+08     18.4271259     21.3504639     18.1462898     18.7640057     21.1054249     18.2263317     18.4405479     19.9032459     17.9601307     20.3373566     19.9032459     18.5750084     28.5298080     28.8149109     27.9668617     25.3496437     -0.9617878     17.8806038     36.2357712     21.6991348
     75.6999969   1.5432720e+08     18.7369518     18.9674931     18.2797813     18.7234325     18.9267120     18.2530479     18.2129803     20.1547203     18.3466892     20.4784374     19.2267361     18.2530479     28.4766235     25.4305000     28.7791386     22.3469448     -1.1581671     14.3735247     18.8452778     17.8012314       219.30870
     14.4899998   2.2044930e+08     21.1197948     20.3373566     20.7194653     18.5615425     18.8859749     18.5480804     20.3232765     21.5389252     20.7763977     20.1687374     19.2541237     18.6693974     28.5120697     25.1402931     28.4589138     23.2490959     25.1563530     15.4741611     10.3633337     15.5367975
    170.1900024   3.6179460e+08     20.8476849     21.2782288     19.3089542     33.3827286     22.9006310     21.5389252     18.7910786     19.8614902     18.4674034     20.9906578     21.5680027     21.0767002     23.1578693     26.0347767     22.0069084     22.9006310      0.8368394     16.9379501     39.6635971     19.3089542       198.95570
    146.3600006   1.1836830e+08     19.5152493     22.5554657     19.2952404     22.5256042     23.0214577     22.1839294     19.3638611     20.5208607     18.6558990     21.7429466     22.1691456     21.2637978     29.7037716     30.7123280     28.6008530     29.6670132      4.2117004     19.8058872     47.1534462     23.6778927       128.96620
     92.4400024   2.8085040e+08     18.7775402     20.6626167     18.4674034     17.6956367     20.4643059     17.8276711     18.6289177     20.2670097     18.4002972     20.9048100     19.3913441     17.9866734     28.4235249     26.2164898     28.5653114     22.6451969      0.7175256     15.9144888     22.8704872     20.0427532
    119.2900009   1.9028670e+08     18.6558990     21.7429466     18.4002972     20.9191036     21.9774876     20.8905201     18.8859749     20.3796272     18.3199139     21.1341705     20.8619576     19.6672192     29.4473362     30.5420303     28.1944084     28.3528576      1.8056687     18.8181686     42.4040871     23.0517273
    102.5000000   3.5477280e+08     18.7369518     20.5775013     18.1996346     15.6497669     18.0664043     15.2743111     18.5346241     20.3232765     18.2664127     20.4219437     19.4326019     18.1462898     22.8403683     24.1430740     22.4212818     18.6289177      6.0535278     15.2743111     25.7721691     18.5615425
     73.2399979   3.1986390e+08     18.9131298     21.1485519     18.4808388     15.3991127     17.9336033     15.5367975     18.7369518     20.9048100     18.4942780     20.6626167     19.4601326     18.0132332     23.3405514     20.6768208     24.6460705     18.0132332      6.9225402     15.7252398     21.8307266     19.0764427       152.11090
     83.8700027   3.3736950e+08     18.4674034     22.4957676     18.3734837     16.0664768     19.0900822     15.7252398     18.9538956     20.4501801     18.3868885     21.3649273     20.5916729     19.0219307     24.1586857     23.5088272     24.0806999     20.7052441      2.2479134     19.0355530     29.6119556     22.1839294       138.53100
    100.8099976   2.7404790e+08     19.8893223     20.6626167     19.8058872     18.9131298     21.0049839     18.2396870     19.5842552     19.4188442     19.6395454     21.3649273     19.7919979     18.8181686     28.6364326     27.3961124     29.0303707     24.1743031      8.7940950     17.1195946     30.1667862     23.1578693       120.05370
     57.6300011   3.5155860e+08     19.7364922     21.9187126     19.3501282     15.9650927     17.8938484     16.0157547     19.1856918     21.9627838     19.2815304     19.6810646     19.1583519     18.0664043     22.7501602     21.2493725     22.9609947     18.7910786     10.7029076     15.8765736     19.6533794     17.0546322       157.87150
    138.1300049   1.7590890e+08     18.2931538     20.0148125     18.3065319     19.0628090     19.6810646     19.0355530     18.2530479     19.3775997     18.2129803     20.6910305     19.7919979     18.9947033     28.8865757     29.2472553     27.8102341     26.0512562     -5.3925128     15.9271345     30.2976265     19.3089542
    142.1600037   2.2484880e+08     17.8541298     19.8754044     17.8144493     18.4271259     19.1993675     18.3600845     17.9336033     19.5704441     18.0664043     20.0707150     19.3226738     18.3868885     28.4235249     28.8686447     28.1944084     28.3175812     -4.4035921     15.9397831     32.2673950     19.7226276
      0.3100000   1.7877008e+08     19.1310291     19.2130508     19.1446877     18.3466892     18.7910786     18.2664127     19.0083141     20.2810688     19.2541237     19.8475819     18.7640057     18.1063271     28.2295532     26.0183048     27.9145699     23.4781723      2.3285215     15.6497669      4.7587028     13.7665205
    105.0000000   1.4270010e+08     18.4808388     20.2529564     18.6019535     19.7364922     20.4360580     19.6949139     18.5346241     19.4601326     18.3868885     21.4953499     20.4219437     19.6533794     28.1944084     26.8011761     28.2471409     23.9562740     -3.1408927     16.8474197     30.9790459     21.4953499       359.40650
     67.9599991   3.8362620e+08     20.4078331     19.9171734     20.8048973     15.1250057     17.0546322     16.8603401     20.6910305     20.3373566     21.0336552     19.0219307     17.9999504     18.5211697     23.4169426     21.5680027     23.9718037     19.7226276     17.7748070     14.7415638     12.7756262     12.6693773
     97.9499969   3.6113340e+08     18.1596184     22.0069084     18.5211697     15.2743111     18.7369518     16.1172562     18.7775402     20.2108231     18.5346241     21.1917267     20.2108231     18.9403019     22.6152611     24.4251308     22.8704872     21.5098686      0.6380453     17.6166172     32.7896996     21.4518261       358.25590
     12.5100002   1.5602340e+08     19.7781143     19.1720181     19.6810646     18.3868885     18.3600845     18.2396870     19.4188442     20.2670097     19.6257153     19.7781143     18.5750084     18.1729527     27.9668617     25.3496437     27.1228409     22.5256042     13.9356937     16.4871979      0.9463104     12.7874451
    107.5199966       99474901.     19.1310291     18.9403019     18.4539738     18.6424065     18.8317204     18.2263317     18.3734837     19.8893223     18.4942780     20.1126938     19.1310291     18.3332996     28.0192337     25.4791050     28.1067066     22.6003036     -1.4229393     13.8027210     18.4405479     16.1045570
     59.7000008   1.4786100e+08     19.7503605     19.9311066     18.9947033     19.0219307     19.0083141     18.5077229     18.8859749     20.9048100     18.9810963     20.3373566     19.2541237     18.6289177     28.4589138     25.4305000     28.6008530     22.5256042      4.0780759     13.9478006     18.3065319     15.9397831       338.44960
     50.0800018   3.4913430e+08     19.5704441     21.3360043     18.6964054     15.9650927     17.9203472     16.0030842     18.7910786     21.4663277     18.8724041     19.7087688     18.9947033     18.0531044     22.7351456     20.9763355     22.8855572     18.7910786     13.0957518     14.4468985     17.2237434     15.4241152       136.33890
     89.2399979   2.9123940e+08     19.0764427     22.4361668     17.9866734     20.0567303     20.4925728     12.9295006     18.5884781     20.7479210     18.5480804     21.4953499     19.5980701     18.4137096     28.5298080     25.9853859     28.8507233     23.0820217      7.4041586     17.2498207     24.6302433     22.6901436       152.46620
    123.1600037   3.6812040e+08     17.2367802     20.6910305     17.4459190     15.5744228     17.9203472     15.5618773     17.4983673     19.1446877     17.2889671     19.5290413     18.5884781     17.2889671     22.6152611     26.1999302     22.3915291     24.0339890     -2.1760857     16.2572079     31.6948509     19.8475819
    129.9499969   2.6424000e+08     19.6118908     23.6933002     18.6558990     24.9321899     23.0668716     19.0355530     19.6533794     20.9906578     18.6964054     22.4361668     22.3172512     20.9906578     31.3446121     32.8505287     28.7612667     30.7123280      6.1062121     20.4784374     48.5008316     25.6416111       119.22170
     74.5899963   2.6077140e+08     20.1827621     19.9311066     18.3868885     30.5420303     22.7802048     20.0427532     18.0930157     19.7226276     18.3065319     19.3363991     20.8619576     20.5067139     28.7077084     28.3352146     29.4838467     28.4058437     -0.2627552     16.7570782     36.8305893     19.1993675
    163.6900024   1.4216400e+08     18.3332996     19.1993675     18.3466892     19.1037273     19.3913441     18.8452778     18.0797081     19.3363991     18.2931538     20.4219437     19.6395454     18.8724041     27.7928772     25.7068291     27.6716251     25.0280838     -4.0639787     14.5203886     26.2994061     16.7828712
     58.3300018   1.9999710e+08     19.8754044     21.5243950     19.1310291     20.9620209     22.0658207     20.9191036     19.6395454     21.7283363     19.1173763     21.2926636     20.9048100     19.7226276     28.5298080     25.3012199     30.5420303     25.2045746      6.5396934     19.0083141     26.7002277     21.6262264       155.82760
    108.0899963   1.5014010e+08     18.6019535     20.8334160     18.6019535     19.4050922     20.2951336     19.3501282     18.5077229     19.6118908     18.2797813     20.4925728     19.8614902     18.8859749     28.7434044     27.8276005     28.3705101     25.1884937     -1.8634187     17.4197197     33.8402634     20.7336903       341.95590
    110.5400009   1.9124160e+08     19.3226738     21.6553726     19.1037273     20.8476849     21.8014431     20.7763977     19.1446877     20.1827621     18.5346241     20.9620209     20.5775013     19.4188442     28.3705101     25.9853859     28.0541954     25.3819637      1.6553154     18.4808388     31.0556602     20.7621574
    119.0999985   3.3644460e+08     17.8012314     20.4925728     17.9203472     16.3209724     18.4539738     16.0791664     18.2797813     19.4188442     17.9203472     21.2349529     20.0148125     18.6154327     22.8403683     26.1668358     21.9187126     22.7651787     -0.4106964     15.7000685     29.2835426     20.7052441
    143.5500031   1.6875720e+08     18.7369518     21.6262264     18.3466892     21.4083519     22.5106831     21.4373283     19.0355530     20.1547203     18.2797813     21.3504639     21.5243950     20.4219437     28.0716896     29.3926468     28.5653114     29.7221661      1.6452991     18.6693974     42.4599266     22.7501602
    155.5700073   1.1146380e+08     17.9468651     19.4188442     17.7088203     19.1583519     20.2951336     19.3089542     18.0398102     18.9810963     17.7088203     19.2952404     19.5152493     18.4002972     28.1944084     27.6197929     28.4589138     26.0842400     -2.9462528     15.4741611     33.4447250     18.0132332
     89.9899979   2.0728170e+08     18.7099171     19.1037273     18.6289177     18.9538956     19.2541237     18.6558990     18.9267120     19.5290413     19.2678242     20.8762360     19.2678242     18.4808388     28.4766235     25.8868141     29.7589855     23.8632393     10.4310808     14.9638138     20.8334160     19.2815304       359.15360
     55.0999985   2.9016720e+08     21.9774876     24.7570629     20.5491695     22.8704872     23.9718037     16.3209724     20.2248631     22.5405331     19.7781143     22.1248283     20.9334049     19.6257153     28.5830765     25.2045746     29.6302967     23.7858944     11.3425360     20.7906456     25.3173542     24.8524780       166.23150
    122.1399994   3.1567980e+08     18.1462898     22.0510845     18.5480804     16.5128269     18.2797813     15.0753469     18.6828995     20.3937263     18.5077229     21.2349529     20.0567303     18.6424065     28.4235249     29.0664196     28.7077084     28.7791386      0.6181828     17.5246162     34.9276886     21.2782288
    125.9000015   2.2118160e+08     18.7640057     21.8307266     18.2396870     21.9627838     23.3863678     22.0658207     19.4188442     20.3373566     18.2797813     22.1100674     22.2727566     20.8905201     27.5508099     28.8507233     28.2999573     31.1709270      4.8001351     19.1446877     45.2139091     24.1274700
    134.5000000   1.0290300e+08     19.0628090     22.0363522     18.7504768     21.7575626     22.8102741     21.8307266     19.3775997     20.2951336     18.6019535     21.7575626     21.7137337     20.5916729     29.7037716     30.9217052     28.7255516     30.0364742      3.6375554     19.3089542     46.4066124     24.3936787       349.07640
    103.7099991   2.9632020e+08     18.0398102     20.1967907     17.6824551     19.4876804     21.6407967     18.0664043     18.5480804     19.6949139     18.1063271     21.2061310     19.8893223     18.5750084     28.4235249     26.5995808     28.2647381     24.0184326     -1.8731964     16.7828712     26.4491634     22.4361668
     89.8799973   3.9096810e+08     17.9601307     20.6484165     18.1729527     14.0205078     18.4942780     15.4866810     18.2664127     19.8058872     18.1329651     20.0008488     19.0628090     17.9468651     21.9921951     22.3024139     21.8746948     20.0008488     -2.8294082     16.0030842     18.8588390     16.8861942
    161.1100006   2.9795070e+08     20.7906456     21.0336552     19.5566387     23.4322414     21.9187126     18.8995495     18.5884781     20.0427532     18.5346241     19.8336792     19.6257153     18.7775402     27.8449764     26.4158268     28.0192337     27.1058350      9.0141277     15.0877571     30.2976265     18.8452778
     58.0499992   1.4820840e+08     19.7781143     19.9311066     18.9947033     19.0628090     18.9947033     18.5077229     18.8452778     21.0623455     19.0491772     20.1967907     19.2541237     18.5346241     28.4766235     25.4466934     28.7791386     22.4659557      5.1115680     14.1540966     15.3866167     14.7046270       178.02680
    162.3899994   2.8443480e+08     20.0008488     21.1629372     18.5211697     32.2076797     23.5088272     20.6058521     18.1196442     19.5428371     17.7880173     20.5208607     21.7575626     21.1341705     29.5936222     29.9251938     28.5298080     30.4478092      9.2349768     18.2664127     44.9995117     22.7201385       56.761000
     95.7399979   2.7252420e+08     18.6154327     20.6484165     18.4539738     19.0491772     20.8048973     17.5246162     18.4674034     20.0567303     18.3734837     21.1629372     19.2678242     18.2129803     28.3881721     25.9524975     28.6720524     23.1123409     -2.0002651     16.5256481     19.3226738     21.4373283
     63.7599983       88062001.     19.1310291     19.1037273     18.4137096     18.8181686     18.6558990     18.2263317     18.1862907     19.9589882     18.3734837     19.9589882     18.8181686     18.2530479     28.5120697     25.4305000     28.5830765     22.5106831      0.6181828     13.4419470     17.1846581     15.8260717       343.00380
     92.0000000   1.2854730e+08     18.6424065     20.6058521     18.1462898     20.5067139     21.6407967     20.4643059     19.0219307     20.1126938     18.1329651     20.9334049     20.7621574     19.5152493     28.4058437     25.6090488     29.0303707     23.8942242      2.2378418     17.3804512     30.9599209     20.7621574       307.93680
     70.4199982   2.7430320e+08     20.7479210     20.2670097     20.5491695     18.9403019     20.2389069     18.9674931     20.0148125     20.5491695     20.3232765     20.3092022     19.0219307     18.2797813     29.1025066     25.5440159     29.9622440     23.4322414     10.9875135     15.1871567     18.6964054     19.0219307       151.28160
    101.7799988       98228701.     18.0398102     19.2404289     18.0132332     17.9336033     18.2530479     17.6166172     17.9070950     19.3363991     18.1996346     19.7919979     18.4137096     17.5640202     28.6898746     27.0209312     28.4412155     22.6451969     -4.9660206     15.1374292     23.0517273     17.2107105       193.37680
     85.7600021   2.5476930e+08     19.0900822     22.8855572     18.4942780     21.7137337     22.3024139     19.0219307     19.4188442     20.9048100     18.4002972     21.8600330     21.8893604     20.4925728     29.3744373     29.9251938     29.0123634     30.4101982      5.4451399     20.2108231     44.9385490     24.1430740
     14.1800003   2.2044660e+08     19.2815304     19.9589882     18.5480804     18.7234325     19.1310291     18.1996346     18.6289177     21.0479984     18.6424065     20.4925728     19.4601326     18.2263317     28.4943409     25.1884937     28.6898746     22.7651787      2.0969412     14.6431322     20.1547203     18.0930157
    103.3799973   1.2552330e+08     18.2797813     20.4360580     18.1996346     19.1173763     20.0567303     19.0900822     18.2396870     19.7087688     18.1063271     20.3232765     19.5290413     18.4539738     29.0123634     27.8623619     28.4943409     24.9960899     -3.2187150     17.0286751     33.1974754     21.2349529       312.19080
     87.2399979   3.9259200e+08     18.2797813     20.6626167     18.2664127     15.2618504     18.5211697     16.4359837     18.6289177     20.0707150     18.4942780     21.0479984     19.4463654     18.2530479     22.4957676     21.8893604     22.6901436     19.9171734      2.3789337     15.9271345     24.2055607     19.9032459       4.8472000
     64.3799973   1.8660210e+08     19.3089542     19.8614902     18.5884781     18.5750084     18.7234325     18.0132332     18.6019535     20.6058521     18.6019535     20.0986958     18.9674931     17.9866734     28.4943409     25.2850952     28.7434044     22.7051392      0.7970556     14.4224272     17.0286751     16.4615822
     85.2799988   3.7357770e+08     18.9403019     20.8476849     18.3466892     16.0537910     18.6964054     16.5384731     18.4137096     20.3796272     18.5211697     21.3504639     19.8893223     18.4942780     22.9307995     23.0971775     22.8704872     19.1446877     12.6104488     16.2954540     25.1081963     20.3655319       179.40490
    105.0800018   2.9920260e+08     20.5775013     23.1123409     19.2678242     25.2206631     22.9912128     19.0628090     19.9450455     20.7621574     18.8995495     22.5853519     22.4659557     21.2493725     29.6486511     24.7570629     28.2295532     24.5354271      4.4795871     19.9868908     31.9502277     23.6933002
    135.5800018   1.6890930e+08     18.7504768     22.0658207     18.2263317     22.0658207     22.8855572     21.8746948     19.0628090     20.0707150     18.2530479     21.7575626     22.0069084     21.0623455     29.9437141     31.8714314     28.6008530     29.1386337      3.1686933     19.4601326     46.0878944     24.1118736       168.11450
     75.7699966   1.6662480e+08     18.7369518     19.8475819     18.4405479     18.2129803     19.1310291     18.3332996     18.4405479     20.3232765     18.5077229     19.8058872     18.8588390     17.8276711     29.2835426     26.3658829     29.5386887     24.2524967     -1.1287241     15.6497669     21.1629372     17.8806038       321.93840
    102.1800003   2.5204200e+08     21.0193176     23.2186604     19.6533794     29.0123634     25.3334961     23.3252926     20.1266975     21.3360043     19.1446877     22.8704872     23.5395069     22.3617992     30.1854458     31.2480030     29.5203972     30.5986977      6.1694837     20.4643059     46.8588753     25.3012199
    103.2799988   2.0208270e+08     19.1856918     21.8453770     18.7640057     22.0805645     23.2034531     22.1100674     19.2404289     20.4219437     18.5346241     21.5680027     21.8307266     20.8334160     28.4058437     28.1067066     28.4589138     29.1928997      3.0366182     19.1856918     39.7144470     23.0063324
    109.6500015   3.1906410e+08     18.0930157     22.7201385     18.2129803     15.3366690     18.4942780     14.7169361     18.9131298     20.4360580     18.2530479     20.6484165     20.1967907     18.5615425     26.1503010     24.1743031     25.5765171     23.1882515      3.2195408     19.1583519     33.8193207     20.4219437
    160.4900055   3.5610750e+08     21.2782288     23.4628563     19.6395454     33.5068436     23.9097271     20.3655319     19.9589882     21.1054249     19.4326019     22.0363522     23.2034531     22.5405331     24.6935959     27.7062225     23.2795544     27.4475994      4.2837391     20.0008488     46.7938232     23.2034531       12.145800
     18.3500004   3.4882920e+08     19.1173763     23.3558178     19.1173763     15.4116125     17.8012314     13.6219931     19.0491772     21.4663277     19.0355530     20.9334049     19.6118908     18.2797813     22.3172512     22.4064026     22.4212818     19.2815304      4.7172918     16.6155014     19.6533794     19.3363991
    104.8899994   2.3557350e+08     18.3600845     20.5350132     18.3600845     19.1310291     20.2389069     19.1993675     18.4271259     19.6672192     18.1729527     20.3796272     19.7087688     18.5346241     28.2999573     27.3789692     28.4058437     24.7570629     -1.4131396     17.1976833     32.7694473     21.4518261       358.64330
    115.3099976   2.4156120e+08     18.8317204     19.1856918     18.3199139     18.7504768     19.1173763     18.3332996     18.3600845     19.8614902     18.3868885     20.6058521     19.5290413     18.4405479     28.3881721     26.7674942     28.3352146     25.1402931     -1.4621328     14.7538824     23.8477573     18.3199139
    132.2500000   1.7985780e+08     20.4501801     23.5855770     20.2248631     23.2490959     24.1899281     23.2186604     20.1266975     21.2205391     19.3913441     22.5554657     22.5405331     21.6407967     30.4101982     31.3059330     29.4838467     32.3471870      5.7801838     20.8905201     46.6965294     25.2206631       90.070700
     62.8699989   1.4693700e+08     19.3638611     19.3638611     18.5615425     18.9267120     18.9267120     18.4539738     18.7099171     20.7052441     18.7640057     20.5916729     19.1856918     18.4539738     28.4589138     25.5115452     28.6720524     22.5106831      2.7628913     13.7544603     16.6283531     16.7055416       308.41310
     99.8300018   2.4914400e+08     19.8614902     23.3100414     18.9267120     23.5395069     24.6144238     22.6451969     19.6949139     20.7194653     18.3868885     22.8403683     23.2034531     21.9480877     30.0179005     32.8505287     29.8881836     32.0885963      7.4686394     20.6768208     51.8280983     26.1999302
    154.1499939   1.7172990e+08     19.2130508     21.3504639     18.8859749     22.8704872     23.3252926     22.6152611     19.1310291     20.0707150     18.7099171     21.3071060     22.1543674     21.4663277     28.9404259     29.8142929     28.5830765     28.4766235      1.5852200     18.4405479     41.2019005     22.1248283       267.78510
     74.3399963   3.3855630e+08     19.4739037     23.6624889     18.7910786     22.8102741     21.0623455     16.2699528     19.7087688     21.3360043     18.7910786     22.1395950     22.1395950     20.6342239     25.7721691     29.1928997     23.4475460     25.9360638      6.2433715     20.3232765     45.1831856     23.7858944
    125.0100021   2.5569600e+08     19.2267361     23.0063324     18.4002972     23.3100414     22.4957676     19.3089542     19.6672192     20.6484165     18.5211697     22.3915291     22.4510574     20.9906578     30.4478092     32.8099632     29.4290962     32.2873230      6.0429959     20.1266975     49.4478569     25.2528648       330.58750
    103.7200012   2.0208480e+08     19.1037273     21.8453770     18.6828995     21.8746948     22.8704872     21.7429466     19.1720181     20.5067139     18.4942780     21.5680027     21.4373283     20.4360580     28.5830765     27.5508099     29.0844574     25.0440922      3.9651723     19.2404289     39.5874825     23.1730576       115.24300
     91.8799973   3.4885590e+08     20.9763355     21.2637978     21.0910587     17.4983673     19.2267361     17.8408985     20.2951336     20.1687374     20.4501801     20.5067139     19.0628090     18.5346241     22.8704872     23.0517273     23.8942242     19.4876804     15.0505381     16.5384731     28.6542377     21.0336552       176.08040
    111.4300003   3.7577280e+08     18.4674034     23.3710899     18.4405479     17.1065941     19.9729366     16.3337364     19.3913441     20.5916729     18.5211697     22.0953121     21.4373283     19.9311066     25.3981361     30.3914089     23.8322811     24.5196495      4.2117004     19.7364922     43.2531891     23.4322414       231.32670
     85.4400024   1.9142820e+08     18.4808388     18.5750084     18.2931538     18.5480804     18.9403019     18.2396870     18.2129803     19.3775997     18.3199139     20.4360580     19.0219307     18.0664043     27.6370621     25.3334961     27.6197929     23.0214577     -5.2374349     13.9841404     12.4927998     15.7252398
    124.4100037   3.3911430e+08     19.3638611     23.8632393     18.8724041     23.1578693     21.2061310     17.2889671     19.8197803     21.1341705     18.8317204     22.4361668     22.3172512     20.7906456     25.8540192     30.6176071     24.1274700     28.7612667      6.9012146     20.7052441     49.9879951     25.2850952       151.22640
     10.0299997   3.6443340e+08     19.3501282     21.0049839     19.3089542     15.1747198     18.2129803     16.2699528     19.3501282     21.3649273     19.3363991     20.4925728     19.5014629     18.2530479     22.4808578     21.3360043     21.9921951     18.8046207     13.8872967     15.4491310     13.2625713     16.0411091
    132.9100037   3.0312990e+08     18.4405479     20.9477100     18.5750084     17.4066257     18.8452778     14.8896103     18.5615425     19.9311066     18.4002972     20.7479210     19.8475819     18.5211697     27.8971596     27.1398563     27.8276005     27.9319916     -0.0158591     15.7504263     27.2250576     18.4002972
      0.1200000   3.2934204e+08     20.0287800     19.9171734     20.2951336     16.3337364     17.7616005     16.3209724     20.1126938     20.4643059     20.1126938     20.0986958     18.9267120     18.4942780     22.0069084     21.3504639     21.3360043     19.0083141     20.1407051     16.9897690      5.7801838     13.6701202
    109.5800018   2.1017130e+08     18.3199139     20.7479210     18.3199139     19.3363991     20.2810688     19.2815304     18.4405479     19.8475819     18.2530479     19.9032459     19.5290413     18.4137096     28.4589138     27.5335865     28.7612667     26.8855286     -0.6569512     17.5903091     34.8193626     20.7336903       359.83900
    139.9199982   2.6763690e+08     19.5152493     22.7201385     18.5346241     23.8322811     22.7952366     18.7234325     19.3913441     20.4925728     18.4002972     21.7137337     21.6699543     20.2389069     28.0367107     30.0550575     28.3705101     28.7612667      4.5002298     18.8046207     41.9886627     23.4016514
     85.4000015       86336401.     18.2797813     18.9403019     18.3199139     18.7640057     18.9810963     18.5615425     17.8938484     19.3501282     18.2797813     20.4784374     19.0491772     18.5346241     28.7255516     25.9853859     28.9224644     22.9761009     -5.4215894     15.3117151     19.5704441     18.4271259       157.52930
     93.3300018   3.6609600e+08     17.5903091     21.2349529     18.0531044     14.5081320     18.6019535     16.1426697     18.1996346     19.8336792     18.0132332     20.8905201     19.4463654     18.3600845     22.9761009     23.7241383     22.3172512     19.7642345     -1.7558346     17.0935974     26.4992275     19.6533794
     81.7500000   3.6561720e+08     18.7369518     22.6901436     18.7099171     15.7126522     19.4188442     16.2317295     19.1993675     20.9906578     18.6424065     21.0767002     20.5491695     18.9538956     22.7952366     23.2490959     23.0971775     19.2404289      4.0780759     18.8317204     31.8714314     21.2349529       135.79550
     74.6500015   1.6482870e+08     19.1037273     19.6118908     18.7369518     18.7234325     18.9810963     18.3734837     18.7234325     20.8048973     18.9810963     20.3232765     19.1856918     18.2396870     28.5830765     25.4791050     29.1025066     23.2643223     -0.7258345     15.1747198     17.6034603     17.3673687       154.41810
    143.0099945   1.8381870e+08     19.2267361     21.2637978     18.6828995     22.4361668     23.3558178     22.3617992     19.2815304     20.1547203     18.4674034     21.3793964     22.1248283     21.0767002     28.1417599     29.3926468     28.6008530     28.7077084      3.7295744     18.2931538     41.0950241     21.7575626
     55.6199989   1.5932370e+08     19.8197803     20.7906456     19.0083141     18.4674034     19.4326019     18.5346241     19.0491772     21.7283363     19.2404289     20.3514423     19.2815304     18.2263317     28.7970200     25.7558231     29.4655857     24.1899281      7.7272015     16.4231892     20.2389069     18.7369518       242.66520
     96.1600037   3.6634980e+08     17.9733982     20.7906456     18.2129803     14.1784267     17.7483997     15.2743111     18.4271259     20.1547203     18.3332996     20.3232765     19.1446877     17.7616005     22.1543674     22.1100674     22.1987190     18.8588390      1.6553154     16.0664768     25.0440922     18.6289177
    127.3199997   2.4610470e+08     18.9538956     23.2947941     18.7640057     20.3373566     22.6152611     20.8905201     19.3501282     20.7621574     18.3734837     21.9921951     21.9921951     20.7052441     30.3726311     32.1480827     29.5203972     31.4027176      6.4231329     20.4643059     49.0934067     24.5354271       162.96550
     61.2200012   2.8811250e+08     21.3649273     23.5702133     19.4326019     20.4360580     21.0193176     11.6190414     19.1720181     21.4953499     19.1310291     19.6810646     18.8588390     18.1462898     28.5830765     25.1402931     28.7791386     22.6601734     14.1784267     15.0877571     18.0930157     16.1426697
     86.6900024   3.7212690e+08     17.7748070     20.6342239     18.0930157     14.8525534     18.2263317     16.0411091     18.1729527     20.0148125     18.1462898     21.0910587     19.5704441     18.1862907     22.5704060     21.7429466     22.7952366     19.7919979     -1.2856976     15.9144888     24.0806999     20.0008488
     72.1800003   2.1918930e+08     19.4601326     21.5680027     18.7775402     20.7336903     21.9480877     20.6626167     19.5014629     21.4663277     18.8046207     21.4373283     20.9048100     19.5014629     28.4235249     25.2367611     30.0922585     24.5512123      4.2014141     18.9810963     27.4819679     22.3469448       170.03870
     90.9300003   3.4455750e+08     18.0664043     20.9763355     18.0398102     16.0030842     18.5615425     15.7252398     18.5211697     20.1967907     18.0930157     21.5098686     20.0567303     18.4002972     22.7351456     23.0668716     22.8253174     19.8893223      1.1555725     16.4615822     27.4304276     21.5825500
    126.4100037   1.1404740e+08     18.2664127     19.9171734     18.0398102     19.6949139     20.7052441     19.8058872     18.1462898     19.3638611     17.8276711     19.8336792     19.5152493     18.4942780     27.9843102     26.1503010     28.2823429     26.7843304     -1.5013185     16.7441883     23.9407520     18.7775402
     84.3399963   2.4044610e+08     18.2797813     20.3092022     18.3466892     18.9810963     20.0287800     19.0355530     18.4002972     20.2951336     18.3332996     19.7364922     19.1720181     17.9866734     28.5298080     26.5660973     29.3017006     24.5670052     -1.0501857     17.0157032     26.2496319     19.1583519
    109.4499969   3.6449250e+08     18.2396870     19.6118908     18.3600845     17.2889671     18.9131298     16.9768085     18.6693974     18.0664043     19.0355530     20.6768208     19.7226276     18.6964054     24.1743031     26.4491634     23.6163216     24.3779640     13.9841404     16.3976116     37.8886604     21.6991348       50.010400
     86.2600021   3.7190130e+08     18.2664127     22.4659557     18.4539738     15.6623373     19.9868908     17.2107105     18.8995495     20.3796272     18.2664127     21.0910587     20.4925728     18.9538956     23.5702133     26.4158268     22.9006310     21.6991348      2.4596448     18.9403019     37.8647346     22.4064026       304.77310
     84.9499969   2.3699490e+08     18.2797813     18.8995495     18.2530479     18.5884781     18.8317204     18.1996346     18.1862907     19.6118908     18.4405479     20.5208607     18.9538956     18.0132332     28.2295532     25.6905136     28.1067066     23.1275101     -6.2745576     14.3735247     14.2514935     16.8086777
      0.3100000   2.4529350e+08     20.3937263     19.3089542     20.1126938     18.6964054     18.7910786     18.2530479     19.8197803     20.5633335     19.8614902     20.0148125     18.9403019     18.2797813     28.4943409     25.3012199     28.3175812     22.6601734     15.9650927     16.5513020      8.5858059     15.2120409
     59.9599991       98795401.     20.0427532     22.5554657     19.7503605     23.2795544     23.6778927     22.9307995     19.6949139     20.9477100     19.2130508     22.0658207     22.5554657     21.7429466     29.8327503     30.5420303     28.7255516     30.5986977      3.4130168     19.7087688     46.8263321     23.6778927
     96.5000000   1.5641250e+08     18.3600845     19.9868908     18.3199139     19.0083141     19.6118908     18.8588390     18.1596184     19.6257153     18.1862907     20.9048100     19.6672192     18.8724041     28.3528576     26.1503010     28.6898746     23.1882515     -3.6172800     16.3082123     27.0209312     19.7781143       178.40070
    108.1999969   3.6389370e+08     18.2931538     21.8014431     18.2396870     16.7570782     19.0900822     16.0284309     18.6019535     19.8197803     18.2129803     21.5825500     20.7906456     19.4739037     23.9252357     26.4158268     23.1730576     24.6460705      3.7602687     18.2263317     37.8169479     22.0216274       25.947700
     78.1800003   1.5589800e+08     18.8859749     19.2815304     18.4271259     18.8995495     19.2267361     18.5480804     18.5346241     20.0567303     18.4942780     21.0479984     19.4876804     18.5346241     28.6898746     25.4953213     28.8328133     22.7651787     -1.9123024     14.7785301     21.5243950     19.1583519       306.74840
     78.4199982   2.4357900e+08     18.3466892     20.4360580     18.3466892     18.7099171     19.8614902     18.8588390     18.4405479     20.3655319     18.3466892     19.9868908     19.2267361     18.0132332     28.4943409     26.4158268     29.1025066     24.3151760     -1.1876051     17.0676174     26.7338448     19.7503605
    111.4400024   2.5534350e+08     18.5884781     22.4212818     18.1996346     20.4078331     21.6553726     18.2396870     19.2952404     20.5775013     18.3466892     21.8600330     21.6845417     20.2529564     29.1928997     30.2789021     28.6008530     29.2653942      3.9651723     19.6118908     44.3359146     24.0806999
    123.6600037   3.5983980e+08     18.0930157     21.0910587     18.2263317     16.8603401     18.3332996     15.5618773     18.5077229     19.5980701     18.1996346     21.2493725     20.0287800     18.6964054     23.6778927     27.7581882     21.8453770     23.4781723     -0.5880386     16.2189941     31.3833370     20.3514423
     72.6100006   1.9721310e+08     19.0083141     19.3638611     18.5211697     18.5480804     18.8724041     18.1596184     18.5480804     20.4360580     18.6019535     20.3092022     19.1446877     18.1596184     28.5120697     25.3496437     28.6008530     22.9006310     -0.5978851     14.4836283     19.9589882     17.9070950       333.04530
     90.8899994   2.1144960e+08     18.8046207     19.1856918     18.2129803     18.6558990     18.8588390     18.1329651     18.1729527     20.2670097     18.2797813     20.3655319     19.1310291     18.1063271     28.4943409     25.2367611     28.5653114     22.8253174     -0.4205540     14.1540966     17.9336033     17.6561069
     82.3300018   1.3676280e+08     18.4942780     18.4271259     18.1196442     18.3868885     18.6424065     18.0664043     17.9866734     19.1720181     18.1462898     20.2670097     18.8046207     18.0132332     27.8797550     25.3496437     27.9668617     22.4212818     -5.0823464     13.9720240      6.1800346     16.3592739       357.99950
    142.9299927   2.4777150e+08     19.5704441     20.3937263     18.4674034     23.9252357     23.4016514     21.6845417     18.9267120     19.6949139     18.3868885     20.8191547     21.9187126     21.1629372     28.4943409     29.9993382     27.9843102     28.3175812      1.4751580     16.9508991     38.4930305     20.9048100
     70.4700012   1.9274520e+08     19.0900822     19.5566387     18.4674034     18.6558990     18.9810963     18.2129803     18.5750084     20.3655319     18.4002972     20.4501801     19.3089542     18.2797813     28.5653114     25.3981361     28.6542377     22.7501602      1.3452208     14.3490925     20.7906456     18.0398102       319.24380
    124.4499969   2.6497230e+08     19.5704441     23.3558178     18.5346241     24.2524967     23.3558178     19.1856918     19.2952404     20.5491695     18.3868885     22.0069084     21.7429466     20.4078331     30.1294994     32.4071617     29.1205654     29.6486511      3.6682177     19.8058872     45.9929695     25.1402931       158.33690
     99.7300034   1.5126420e+08     18.9947033     20.1126938     18.1329651     19.3501282     19.8197803     19.1446877     18.2263317     19.5290413     18.1063271     21.0767002     19.7503605     18.9810963     28.5298080     26.4491634     28.6364326     23.5702133      4.8623238     16.6797962     28.4766235     20.1547203       169.74050
     64.8399963   3.8184030e+08     19.5152493     22.6451969     19.1037273     15.6372004     18.9810963     15.9650927     19.5014629     21.9187126     19.0083141     20.2108231     19.8336792     18.1596184     22.5554657     21.6116619     23.4628563     19.8336792      8.3673182     17.5508804     27.4819679     18.7099171       304.32910
    104.0999985   3.3948720e+08     18.5480804     20.5916729     18.4808388     15.2493925     18.2263317     14.6923218     18.7910786     19.9729366     18.4539738     20.9620209     19.7087688     18.2530479     22.1100674     22.2875824     21.8600330     18.8181686      1.7254548     15.6120787     20.1407051     18.2396870
    121.1800003   3.6083760e+08     18.5480804     23.0820217     18.2396870     21.1917267     20.4501801     16.7441883     19.2267361     20.3937263     18.3065319     22.2875824     22.0953121     20.6768208     25.2689762     29.5021172     24.4723587     29.0303707      4.5518589     19.6118908     47.4843559     24.7253151       355.05700
     72.3000031   1.7396730e+08     17.6297760     18.1329651     17.3150845     17.5640202     17.8144493     17.1586208     17.4459190     19.1720181     17.7088203     19.3638611     18.0132332     17.1195946     28.2647381     25.3173542     28.5120697     22.7201385     -2.9365175     13.9599104     12.3285542     16.9250050
    147.8999939   1.0592910e+08     17.7483997     19.1720181     17.8541298     18.0664043     18.7504768     18.0930157     17.7616005     19.0355530     18.0132332     19.3638611     18.7234325     18.0265179     28.3175812     27.4304276     27.7408581     25.6579056     -6.1582222     14.9761925     28.4943409     16.8215885
    131.5899963   2.9402790e+08     19.4050922     23.3558178     18.3600845     26.2496319     22.9912128     18.9947033     19.9171734     21.0767002     18.9267120     22.8554249     22.7802048     21.4518261     31.2866116     33.9031830     29.9251938     30.6365299      4.9556980     20.3796272     49.1992760     26.4825325       196.25600
      8.9399996   2.2782150e+08     19.3501282     16.7570782     19.3638611     16.6926670     16.8603401     17.5508804     19.5428371     18.8317204     19.8475819     17.4328175     16.5641327     16.9120655     27.9843102     25.1081963     28.6542377     23.6317043     18.1729527     14.7908592      1.3052694     10.4084892
    108.2399979   1.5173820e+08     18.1196442     20.1266975     18.1996346     18.5480804     19.5566387     18.6693974     18.1596184     19.4326019     18.1063271     20.2810688     19.3775997     18.3734837     28.4058437     26.7843304     28.2471409     24.6619053     -4.1319180     16.5513020     29.5021172     19.4876804
    117.6500015   3.1316700e+08     19.3226738     19.9589882     18.0531044     16.5513020     18.2797813     14.9019690     18.2530479     19.6810646     18.0398102     19.5704441     19.0491772     18.3600845     27.8102341     26.5493679     27.9668617     24.5354271     13.5979481     13.7906513     23.6624889     14.9638138
     74.3300018   2.7858840e+08     19.4463654     20.4925728     18.5211697     19.1310291     20.3373566     18.2530479     18.6289177     20.8762360     18.4405479     20.3373566     19.2678242     18.0797081     28.5653114     25.1563530     28.8149109     22.5853519      6.0324650     14.7662048     20.9620209     18.8859749
     53.6699982   1.1986260e+08     19.5290413     19.5566387     18.6019535     18.7775402     18.4808388     18.0930157     18.3332996     20.5350132     18.5615425     19.4326019     18.6019535     18.0664043     28.5830765     25.4143143     28.7612667     22.3469448      5.5392199     13.6701202     14.4346609     13.6099691
     26.7199993   3.2744910e+08     20.0008488     20.4078331     19.6118908     16.5513020     17.3673687     16.4231892     19.3638611     20.6200352     19.8197803     18.6828995     17.8541298     17.9866734     22.5256042     21.1485519     22.5853519     19.0628090     22.6601734     14.1540966     12.9295006     13.2387056
    103.9000015   2.1264450e+08     18.2263317     20.3655319     18.2263317     18.3600845     19.3638611     18.4539738     18.1996346     19.6533794     18.1596184     20.2810688     19.2267361     18.2396870     28.4412155     26.9362411     28.5830765     24.0651226     -3.5978477     16.8861942     28.4589138     19.9311066
    109.1399994   1.9785900e+08     18.8995495     18.9538956     18.0398102     18.9947033     19.0219307     18.3734837     18.0398102     19.6672192     17.9999504     20.3092022     19.2130508     18.3734837     28.5830765     26.7170315     28.3528576     22.8102741 